         0    11.97099    -5.38226     6.58873
        10     7.92541    -1.29455     6.63085
        20    12.86755    -2.17287    10.69468
        30    11.57695    -1.75459     9.82236
        40    11.99974    -1.75986    10.23988
        50    11.87970    -1.63791    10.24180
        60    11.56009    -1.19990    10.36019
        70    12.35345    -1.54485    10.80860
        80    11.73532    -1.27924    10.45608
        90    12.35148    -1.63929    10.71219
       100    12.43817    -2.07776    10.36040
       110    11.00366    -1.07377     9.92989
       120    12.71948    -1.79758    10.92190
       130    12.23812    -2.03556    10.20256
       140    11.80746    -1.84632     9.96114
       150    11.23515    -1.07576    10.15939
       160    12.23836    -1.31225    10.92611
       170    12.11497    -1.43236    10.68261
       180    12.08601    -1.52009    10.56592
       190    12.57597    -2.10250    10.47347
       200    11.31102    -1.40335     9.90767
       210    12.25751    -1.66110    10.59641
       220    11.59020    -1.25024    10.33997
       230    12.51470    -1.76608    10.74863
       240    11.54753    -1.31703    10.23050
       250    11.95842    -1.26984    10.68858
       260    12.28247    -1.54776    10.73472
       270    11.55329    -1.12088    10.43242
       280    12.42184    -1.53355    10.88829
       290    11.81288    -1.34713    10.46575
       300    12.40078    -1.75096    10.64982
       310    12.38340    -2.13239    10.25101
       320    11.46940    -1.59931     9.87008
       330    11.81869    -1.41457    10.40412
       340    12.12339    -1.53493    10.58847
       350    12.18169    -1.72415    10.45754
       360    11.90884    -1.62833    10.28050
       370    11.48396    -1.10985    10.37411
       380    12.43637    -1.55643    10.87993
       390    11.79297    -1.34535    10.44761
       400    11.71879    -1.05580    10.66299
       410    12.38583    -1.45974    10.92610
       420    12.13876    -1.59469    10.54407
       430    12.40827    -2.00580    10.40246
       440    12.02556    -2.02618     9.99938
       450    11.48474    -1.50878     9.97595
       460    12.33096    -1.84131    10.48965
       470    11.36543    -1.20107    10.16437
       480    12.37330    -1.57478    10.79852
       490    11.70997    -1.29113    10.41884
       500    12.70247    -1.98921    10.71326
       510    12.10736    -1.39063    10.71674
       520    12.21673    -1.50077    10.71596
       530    12.57899    -1.86483    10.71416
       540    12.57779    -1.86744    10.71036
       550    11.83907    -1.12143    10.71763
       560    12.24879    -1.53624    10.71255
       570    12.81393    -2.10242    10.71151
       580    12.04353    -1.32534    10.71819
       590    12.41692    -1.70236    10.71456
       600    12.31494    -1.59843    10.71651
       610    12.66844    -1.95372    10.71473
       620    12.38135    -1.66717    10.71418
       630    12.08532    -1.37172    10.71360
       640    12.84208    -2.12530    10.71677
       650    12.58696    -1.87133    10.71564
       660    12.92924    -2.21273    10.71651
       670    11.97986    -1.26376    10.71610
       680    12.24630    -1.53570    10.71060
       690    12.09496    -1.38171    10.71325
       700    12.61663    -1.90517    10.71146
       710    12.18637    -1.47064    10.71573
       720    12.45701    -1.74689    10.71012
       730    12.53587    -1.82597    10.70990
       740    12.05108    -1.33608    10.71499
       750    12.85453    -2.14029    10.71424
       760    12.66844    -1.95598    10.71246
       770    12.06880    -1.35367    10.71513
       780    12.49998    -1.78423    10.71575
       790    12.11779    -1.40522    10.71258
       800    12.19732    -1.48893    10.70839
       810    12.31379    -1.60889    10.70490
       820    11.53382    -0.81499    10.71883
       830    12.54348    -1.83496    10.70852
       840    12.58379    -1.87089    10.71290
       850    12.17005    -1.45256    10.71749
       860    11.69084    -0.97389    10.71695
       870    12.31132    -1.59970    10.71162
       880    12.43630    -1.72375    10.71254
       890    11.87537    -1.15304    10.72233
       900    12.52640    -1.80788    10.71852
       910    11.98862    -1.27153    10.71709
       920    11.97826    -1.25600    10.72227
       930    12.24191    -1.52881    10.71310
       940    12.36752    -1.65532    10.71220
       950    12.54031    -1.82796    10.71235
       960    12.35473    -1.64270    10.71203
       970    12.65008    -1.93586    10.71422
       980    12.79765    -2.07811    10.71954
       990    12.75294    -2.03994    10.71300
      1000    12.01374    -1.29396    10.71978
      1010    11.50665    -0.78412    10.72254
      1020    11.65850    -0.94247    10.71603
      1030    12.16339    -1.44431    10.71909
      1040    12.40194    -1.68507    10.71687
      1050    12.25362    -1.53942    10.71420
      1060    12.25736    -1.54636    10.71100
      1070    12.39778    -1.68740    10.71037
      1080    12.14252    -1.42643    10.71610
      1090    12.30397    -1.59701    10.70696
      1100    11.69775    -0.98405    10.71370
      1110    12.13816    -1.42126    10.71690
      1120    12.14710    -1.43006    10.71704
      1130    12.24617    -1.53502    10.71116
      1140    12.00882    -1.28842    10.72039
      1150    12.64539    -1.93332    10.71207
      1160    12.74474    -2.03056    10.71418
      1170    12.16111    -1.44003    10.72108
      1180    12.09187    -1.37431    10.71756
      1190    12.44255    -1.73205    10.71050
      1200    12.48073    -1.76716    10.71357
      1210    12.49973    -1.78949    10.71025
      1220    12.06095    -1.34260    10.71834
      1230    12.48137    -1.77078    10.71059
      1240    12.00984    -1.29669    10.71315
      1250    12.65599    -1.94281    10.71319
      1260    12.12610    -1.40638    10.71972
      1270    12.72484    -2.01415    10.71069
      1280    12.57156    -1.85661    10.71495
      1290    11.92798    -1.21793    10.71005
      1300    12.37851    -1.65787    10.72064
      1310    11.70657    -0.99713    10.70944
      1320    12.33427    -1.61273    10.72154
      1330    12.96057    -2.24612    10.71445
      1340    12.47257    -1.75594    10.71663
      1350    11.83365    -1.12146    10.71219
      1360    12.03570    -1.31209    10.72360
      1370    11.80645    -1.08663    10.71982
      1380    12.31110    -1.60049    10.71061
      1390    12.44660    -1.73079    10.71581
      1400    12.24968    -1.53087    10.71881
      1410    12.07528    -1.35981    10.71547
      1420    12.20619    -1.48919    10.71699
      1430    12.75509    -2.04073    10.71437
      1440    11.86978    -1.15337    10.71641
      1450    11.84567    -1.12481    10.72086
      1460    12.22953    -1.50903    10.72050
      1470    12.51508    -1.79795    10.71714
      1480    11.92197    -1.21513    10.70684
      1490    12.16806    -1.45218    10.71588
      1500    12.09342    -1.37758    10.71584
