0.1229 
0.2196 
0.3192 
0.4077 
0.4980 
0.5748 
0.7316 
0.8006 
0.9143 
0.9995 
1.0881 
1.2323 
1.2561 
1.3875 
1.5171 
1.5504 
1.6993 
1.7838 
1.8726 
10.1831 
9.9320 
2.0433 
2.1621 
2.2018 
2.2314 
2.4789 
2.6334 
2.6273 
2.7407 
2.7852 
2.7782 
2.9210 
3.0909 
3.2255 
3.2222 
3.3984 
3.5049 
3.6053 
3.8518 
3.8805 
3.9376 
4.0572 
4.0734 
4.1643 
4.1768 
4.2874 
4.6070 
4.4265 
4.7534 
4.8578 
4.9026 
5.0116 
5.2300 
5.3900 
5.2714 
5.4958 
5.3618 
5.5715 
5.7146 
5.7663 
6.0123 
5.8866 
6.0857 
6.1118 
6.3396 
6.2327 
6.5331 
6.6796 
6.7664 
7.3411 
6.6377 
6.7731 
7.2687 
7.0475 
7.2791 
7.1350 
7.6530 
7.8293 
7.5810 
7.8271 
7.7831 
8.0219 
8.2632 
8.0709 
8.4946 
8.4346 
8.5786 
8.5908 
8.6406 
8.7831 
8.8491 
9.0907 
9.4689 
9.0812 
9.3067 
9.1474 
9.3639 
9.7914 
9.5477 
10.1276 
9.8580 
