0.2118 
0.3011 
0.3429 
0.3909 
0.5191 
0.6181 
0.7117 
0.7853 
0.8842 
0.9736 
1.0968 
1.1850 
1.3366 
1.4045 
1.4980 
1.6155 
1.7457 
1.7329 
1.9010 
10.0191 
9.8935 
2.0460 
2.0596 
2.2140 
2.3212 
2.4388 
2.6661 
2.7369 
2.5755 
2.7516 
2.9400 
3.1045 
3.2155 
3.1765 
3.2972 
3.4091 
3.5242 
3.6340 
3.6015 
3.8700 
3.9216 
4.0669 
4.1428 
4.1619 
4.2784 
4.3922 
4.4117 
4.5827 
4.6784 
4.7685 
4.8295 
4.9688 
5.1639 
5.2317 
5.3537 
5.3268 
5.6410 
5.5000 
5.7072 
5.7186 
5.8652 
6.0880 
6.0445 
5.8985 
6.4674 
6.2210 
6.3898 
6.6569 
6.6590 
7.0648 
6.7261 
6.9710 
7.2636 
7.2275 
7.4281 
7.3672 
7.5714 
7.5889 
7.6491 
7.9382 
7.6715 
8.1899 
8.2156 
8.5657 
8.2808 
8.4149 
8.5167 
8.4543 
8.7185 
8.8125 
8.6601 
8.5631 
8.8579 
8.9886 
9.3347 
9.3682 
9.6323 
9.7597 
9.8061 
9.6771 
10.0789 
